263,231,20
258,249,20
435,265,20
434,247,20
322,210,20
310,195,20
333,349,20
322,362,20
478,355,20
474,351,20
478,349,20
478,352,20
482,350,20
478,346,20
482,344,20
482,347,20
486,345,20
482,341,20
486,339,20
486,342,20
490,340,20
486,336,20
490,334,20
490,337,20
494,335,20
490,331,20
494,329,20
494,332,20
498,330,20
494,326,20
498,324,20
498,327,20
502,325,20
498,321,20
502,319,20
502,322,20
506,320,20
502,316,20
506,314,20
506,317,20
510,315,20
506,311,20
510,309,20
510,312,20
514,310,20
510,306,20
514,304,20
514,307,20
518,305,20
514,301,20
518,299,20
518,302,20
522,300,20
518,296,20
522,294,20
522,297,20
526,295,20
522,291,20
526,289,20
526,292,20
530,290,20
526,286,20
530,284,20
530,287,20
534,285,20
530,281,20
534,279,20
534,282,20
538,280,20
534,276,20
538,274,20
538,277,20
542,275,20
538,271,20
542,269,20
542,272,20
546,270,20
542,266,20
546,264,20
546,267,20
550,265,20
546,261,20
550,259,20
550,262,20
554,260,20
550,256,20
554,254,20
554,257,20
558,255,20
554,251,20
558,249,20
558,252,20
562,250,20
558,246,20
562,244,20
562,247,20
566,245,20
562,241,20
566,239,20
566,242,20
570,240,20
566,236,20
570,234,20
570,237,20
574,235,20
570,231,20
574,229,20
574,232,20
578,230,20
574,226,20
578,224,20
578,227,20
582,225,20
578,221,20
582,219,20
582,222,20
586,220,20
582,216,20
578,214,20
586,217,20
582,215,20
578,211,20
574,209,20
582,212,20
578,210,20
574,206,20
570,204,20
578,207,20
179,424,20
170,413,20
574,205,20
570,201,20
566,199,20
574,202,20
570,200,20
566,196,20
562,194,20
570,197,20
179,429,20
170,417,20
566,195,20
562,191,20
558,189,20
566,192,20
562,190,20
558,186,20
554,184,20
562,187,20
558,185,20
554,181,20
550,179,20
558,182,20
554,180,20
550,176,20
546,174,20
554,177,20
550,175,20
546,171,20
542,169,20
550,172,20
546,170,20
542,166,20
538,164,20
546,167,20
542,165,20
538,161,20
534,159,20
542,162,20
538,160,20
534,156,20
530,154,20
538,157,20
534,155,20
530,151,20
526,149,20
534,152,20
530,150,20
526,146,20
522,144,20
530,147,20
526,145,20
522,141,20
518,139,20
526,142,20
522,140,20
518,136,20
514,134,20
522,137,20
518,135,20
514,131,20
510,129,20
518,132,20
514,130,20
510,126,20
506,124,20
514,127,20
510,125,20
506,121,20
502,119,20
510,122,20
506,120,20
502,116,20
498,114,20
506,117,20
502,115,20
498,111,20
494,109,20
502,112,20
498,110,20
494,106,20
490,104,20
498,107,20
494,105,20
490,101,20
486,99,20
494,102,20
490,100,20
486,96,20
482,94,20
490,97,20
486,95,20
482,91,20
478,89,20
486,92,20
482,90,20
478,86,20
474,84,20
482,87,20
478,85,20
474,81,20
470,79,20
478,82,20
474,80,20
470,76,20
466,74,20
474,77,20
470,75,20
466,71,20
462,69,20
470,72,20
466,70,20
462,66,20
458,64,20
466,67,20
462,65,20
458,61,20
454,59,20
462,62,20
458,60,20
454,56,20
450,54,20
458,57,20
454,55,20
450,51,20
446,49,20
454,52,20
388,259,20
375,247,20
450,50,20
446,46,20
442,44,20
450,47,20
446,45,20
442,41,20
438,39,20
446,42,20
442,40,20
438,36,20
434,34,20
442,37,20
438,35,20
434,31,20
430,29,20
438,32,20
434,30,20
430,26,20
426,24,20
434,27,20
430,25,20
426,21,20
422,19,20
430,22,20
426,24,20
422,16,20
418,18,20
426,27,20
422,25,20
418,21,20
414,19,20
422,28,20
418,30,20
414,22,20
410,24,20
418,33,20
414,35,20
410,27,20
406,29,20
414,38,20
410,40,20
406,32,20
402,34,20
410,43,20
406,45,20
402,37,20
398,39,20
406,48,20
402,50,20
398,42,20
394,44,20
402,53,20
398,55,20
394,47,20
390,49,20
398,58,20
394,60,20
390,52,20
386,54,20
394,63,20
390,65,20
386,57,20
382,59,20
390,68,20
386,70,20
382,62,20
378,64,20
386,73,20
382,75,20
378,67,20
374,69,20
382,78,20
378,80,20
374,72,20
370,74,20
378,83,20
374,85,20
370,77,20
366,79,20
374,88,20
370,90,20
366,82,20
362,84,20
370,93,20
366,95,20
362,87,20
358,89,20
366,99,20
362,101,20
358,93,20
354,96,20
362,105,20
358,109,20
354,100,20
350,104,20
358,113,20
354,117,20
350,109,20
346,113,20
354,123,20
350,127,20
346,119,20
342,124,20
350,133,20
346,139,20
342,130,20
338,136,20
346,145,20
342,151,20
338,143,20
334,149,20
342,159,20
338,165,20
334,157,20
330,164,20
338,173,20
334,181,20
330,172,20
326,180,20
334,189,20
330,197,20
326,189,20
322,197,20
330,207,20
326,215,20
322,207,20
318,216,20
326,225,20
322,235,20
318,226,20
314,236,20
322,245,20
318,255,20
314,247,20
310,257,20
318,267,20
314,277,20
310,269,20
306,280,20
314,289,20
310,301,20
306,292,20
302,304,20
310,313,20
306,325,20
302,317,20
298,329,20
306,339,20
302,351,20
298,343,20
294,356,20
302,365,20
298,379,20
294,370,20
290,384,20
298,393,20
294,407,20
290,399,20
286,413,20
294,423,20
271,441,20
290,438,20
397,360,20
396,344,20
399,352,20
395,344,20
397,355,20
394,340,20
399,352,20
397,364,20
397,355,20
396,364,20
395,360,20
399,356,20
397,355,20
398,352,20
391,336,20
396,351,20
395,360,20
393,347,20
397,352,20
393,351,20
392,351,20
390,332,20
397,352,20
392,356,20
392,351,20
392,360,20
389,332,20
394,348,20
391,356,20
393,348,20
392,351,20
392,344,20
389,332,20
391,347,20
391,356,20
388,343,20
392,348,20
387,343,20
387,347,20
388,328,20
388,332,20
388,352,20
392,348,20
388,356,20
387,347,20
387,356,20
386,352,20
392,352,20
387,347,20
391,348,20
388,332,20
386,343,20
386,352,20
383,339,20
390,348,20
383,343,20
382,343,20
387,328,20
390,348,20
383,348,20
382,343,20
383,352,20
386,328,20
387,344,20
382,348,20
386,344,20
382,343,20
385,340,20
386,328,20
381,339,20
382,348,20
378,335,20
385,344,20
377,335,20
385,344,20
385,324,20
377,339,20
384,324,20
384,328,20
379,344,20
385,344,20
379,348,20
377,339,20
378,344,20
377,344,20
385,348,20
377,339,20
384,348,20
384,328,20
376,339,20
377,344,20
373,335,20
383,344,20
373,339,20
377,344,20
383,328,20
372,335,20
380,324,20
383,344,20
376,344,20
372,335,20
376,348,20
373,344,20
382,344,20
372,335,20
379,340,20
379,320,20
369,331,20
373,344,20
368,327,20
367,327,20
376,316,20
379,344,20
372,340,20
367,327,20
372,344,20
369,340,20
378,340,20
367,327,20
375,336,20
375,316,20
364,323,20
369,340,20
363,323,20
362,319,20
372,312,20
375,340,20
368,340,20
368,344,20
374,340,20
371,308,20
359,315,20
358,311,20
368,304,20
374,344,20
367,344,20
367,348,20
373,344,20
367,300,20
355,307,20
354,304,20
364,296,20
373,348,20
366,348,20
366,352,20
372,348,20
363,293,20
351,300,20
350,297,20
360,289,20
372,352,20
365,352,20
365,356,20
371,352,20
359,286,20
347,294,20
346,291,20
356,283,20
371,356,20
364,356,20
364,360,20
370,356,20
355,280,20
343,288,20
342,286,20
352,277,20
370,360,20
363,360,20
363,364,20
369,360,20
351,275,20
339,283,20
338,281,20
348,272,20
369,364,20
362,364,20
362,368,20
368,364,20
347,270,20
335,279,20
334,277,20
344,268,20
368,368,20
361,368,20
361,372,20
367,368,20
343,266,20
331,275,20
330,274,20
340,264,20
367,372,20
360,372,20
360,376,20
366,372,20
339,263,20
327,272,20
366,376,20
359,376,20
359,380,20
365,376,20
365,380,20
358,380,20
358,384,20
364,380,20
364,384,20
357,384,20
357,388,20
363,384,20
363,388,20
356,388,20
356,392,20
362,388,20
362,392,20
355,392,20
355,396,20
361,392,20
361,396,20
354,396,20
354,400,20
360,396,20
360,400,20
353,400,20
353,404,20
359,400,20
359,404,20
352,404,20
352,408,20
358,404,20
358,408,20
351,408,20
351,412,20
357,408,20
357,412,20
350,412,20
356,416,20
346,429,20
356,416,20
350,420,20
350,426,20
356,425,20
350,430,20
356,429,20
346,434,20
350,435,20
333,441,20
349,435,20
353,423,20
349,436,20
346,434,20
327,437,20
327,438,20
342,430,20
345,432,20
350,440,20
327,438,20
346,436,20
342,432,20
346,437,20
345,432,20
353,425,20
342,432,20
353,426,20
327,438,20
345,434,20
342,432,20
341,430,20
346,439,20
341,431,20
341,432,20
327,440,20
323,438,20
342,435,20
346,439,20
338,432,20
353,427,20
338,433,20
338,434,20
342,440,20
353,427,20
342,441,20
341,432,20
353,426,20
338,434,20
349,424,20
342,442,20
349,427,20
342,442,20
337,429,20
349,426,20
337,432,20
349,426,20
334,433,20
337,431,20
349,427,20
345,424,20
333,432,20
333,429,20
319,437,20
333,429,20
334,433,20
319,434,20
334,435,20
338,445,20
334,436,20
345,424,20
330,436,20
333,429,20
338,446,20
330,437,20
338,443,20
333,429,20
341,424,20
330,437,20
341,423,20
338,445,20
341,426,20
319,434,20
329,429,20
330,437,20
329,432,20
338,445,20
329,431,20
341,424,20
329,434,20
329,432,20
315,434,20
330,437,20
315,433,20
329,432,20
330,436,20
315,437,20
326,436,20
326,440,20
338,444,20
341,424,20
338,443,20
315,437,20
329,433,20
326,440,20
325,433,20
338,446,20
325,434,20
325,428,20
311,436,20
338,447,20
322,440,20
322,439,20
338,448,20
325,428,20
341,423,20
322,439,20
325,429,20
341,424,20
325,428,20
325,429,20
311,438,20
322,439,20
311,439,20
262,439,20
259,440,20
286,432,20
269,439,20
269,440,20
262,440,20
269,440,20
286,433,20
286,434,20
269,440,20
297,422,20
286,435,20
397,422,20
411,413,20
297,423,20
286,438,20
338,441,20
325,438,20
338,441,20
325,439,20
338,441,20
325,440,20
